   0.0000000e+00   0.0000000e+00   0.0000000e+00   0.0000000e+00   0.0000000e+00   0.0000000e+00
  -8.4859285e-03   2.8597878e-02   9.6471576e-02   7.4895215e-04   3.1701017e-04  -4.1055701e-05
  -3.3839869e-05   1.6982186e-02   9.0333460e-02   9.5153659e-04   4.0070082e-04  -2.8588940e-04
  -7.7158289e-03   2.3041702e-02   1.0449234e-01   1.7172111e-03   3.2029615e-05  -6.7264079e-04
  -1.3669292e-02   8.5447108e-02   1.2824794e-01   3.0292135e-03  -3.1376391e-04  -4.9539935e-04
  -2.0168693e-02   3.4552292e-02   1.3715349e-01   3.0859059e-03  -5.0933070e-04  -8.4546590e-04
  -3.5539308e-02  -1.0854457e-03   1.3423186e-01   4.0389075e-03  -7.7236582e-04  -9.0590477e-04
  -2.5240658e-02   5.2524761e-03   1.3764315e-01   4.7153541e-03  -9.7539315e-04  -4.9821382e-04
  -2.3244494e-02   1.9793375e-02   1.6332990e-01   5.7444498e-03  -1.2259025e-03  -3.8615474e-04
  -2.9297758e-02   4.1961911e-02   1.7149183e-01   5.6169469e-03  -1.5987907e-03  -1.6639786e-04
  -1.4671659e-02   1.0459614e-02   2.2321116e-01   6.7576737e-03  -2.0356619e-03   3.2807723e-04
  -2.4026249e-02   7.3511025e-03   2.3039224e-01   6.7527000e-03  -1.7650491e-03   2.0767486e-04
  -2.0610940e-02  -1.2592375e-02   2.2073842e-01   7.1778636e-03  -2.3688468e-03   3.5254533e-04
  -1.6439084e-02  -1.0138423e-03   2.3916915e-01   8.4944618e-03  -2.7705955e-03   6.4356692e-04
  -4.1119708e-02  -4.0166938e-03   2.9134210e-01   9.0705483e-03  -3.2209512e-03   1.0892378e-03
  -4.9365204e-02   1.3970782e-03   3.1943712e-01   9.4839530e-03  -3.3375416e-03   1.4258795e-03
  -2.5519282e-02  -2.8961338e-02   3.2428808e-01   1.0315339e-02  -3.7104651e-03   9.9653956e-04
  -4.9469986e-02  -5.9887018e-02   2.4031847e-01   1.0050865e-02  -3.2523434e-03  -2.4092297e-04
  -5.9796800e-02  -4.0248787e-02   2.7575203e-01   1.1467303e-02  -3.1785418e-03   2.9376012e-04
  -5.8762170e-02  -6.5445136e-03   2.8457620e-01   1.2279099e-02  -3.9826012e-03   1.6494484e-03
  -5.6943780e-02   4.1929455e-02   2.5464837e-01   1.2447946e-02  -4.2934852e-03   1.8028733e-03
  -2.7416282e-02   3.5225636e-02   2.5166105e-01   1.2948791e-02  -4.7500564e-03   2.0150899e-03
  -3.9829706e-02  -7.3245316e-03   3.2980466e-01   1.3075165e-02  -4.5516674e-03   2.0000193e-03
  -5.2655985e-02  -1.4827189e-02   2.8747408e-01   1.2754583e-02  -4.3249675e-03   1.5590387e-03
  -4.5998928e-02  -4.1746143e-02   2.3964195e-01   1.2439317e-02  -3.8635841e-03   2.8398857e-04
  -4.4647806e-02  -4.4394658e-02   2.9925640e-01   1.3750991e-02  -3.9258155e-03   5.1248687e-04
  -9.2335197e-02  -2.5506422e-02   3.1890150e-01   1.3714362e-02  -3.8996643e-03   1.0572700e-03
  -7.8467505e-02  -1.0912491e-02   3.3797200e-01   1.3828004e-02  -4.4656115e-03   2.0279797e-03
  -7.2956093e-02  -1.0340298e-02   3.2621138e-01   1.4043960e-02  -4.6881611e-03   1.6694178e-03
  -7.2439880e-02  -3.7423829e-02   3.8988432e-01   1.4794156e-02  -5.2397658e-03   2.1283151e-03
  -6.1422432e-02  -6.1499072e-02   3.6390082e-01   1.4922991e-02  -4.9119446e-03   2.7877774e-03
  -3.8399839e-02  -4.8699896e-02   3.9006846e-01   1.5227176e-02  -4.4744916e-03   3.6718734e-03
  -4.5733279e-02  -3.4011262e-02   3.4104466e-01   1.4833898e-02  -4.4619686e-03   3.7507247e-03
  -7.2866298e-02  -4.5049200e-02   3.7656825e-01   1.5370176e-02  -4.5973720e-03   3.0527464e-03
  -7.0111472e-02  -9.8131232e-03   3.9793572e-01   1.5701609e-02  -5.0855416e-03   3.2773692e-03
  -8.1865672e-02  -3.6146672e-02   3.8087620e-01   1.5800242e-02  -5.4494163e-03   3.3808459e-03
  -8.8048757e-02  -2.2149122e-02   3.5152733e-01   1.6285603e-02  -5.4576169e-03   3.1214856e-03
  -1.0466918e-01  -2.3112871e-02   3.9220443e-01   1.7221742e-02  -5.4912602e-03   3.2971889e-03
  -1.1290001e-01  -3.2525707e-02   3.9308741e-01   1.6530254e-02  -6.2686043e-03   2.6280738e-03
  -1.0955141e-01  -3.4656649e-02   3.9077284e-01   1.6626143e-02  -5.6770226e-03   2.7089766e-03
  -5.9936845e-02  -6.8962464e-02   4.9962678e-01   1.7404357e-02  -5.4178049e-03   3.1347214e-03
  -2.0990730e-01  -8.1161093e-02   5.3996221e-01   1.2067643e-02  -4.2593958e-03   4.9971102e-03
  -3.0123334e-01   1.1249517e-01   6.0207019e-01   1.1615327e-02  -2.0800992e-03   4.0280431e-03
  -2.6537249e-01   8.9001901e-02   5.3336865e-01   1.1502729e-02  -1.0619623e-03   4.4413335e-03
  -2.7494298e-01  -1.1192017e-02   4.4614404e-01   9.5438400e-03  -1.2323662e-03   5.0653302e-03
  -2.8237891e-01  -7.4605020e-02   3.7642040e-01   9.0841662e-03  -2.1437215e-03   5.9412320e-03
  -3.2590832e-01  -7.2828484e-02   3.7561635e-01   8.5053129e-03  -2.8791461e-03   6.3706371e-03
  -3.6204358e-01  -9.6458436e-02   3.8610903e-01   9.2070152e-03  -3.5231557e-03   6.4713931e-03
  -3.8811973e-01  -1.1423296e-01   3.5465120e-01   8.7127842e-03  -4.1922841e-03   6.1737120e-03
  -4.0325594e-01  -1.3514646e-01   3.4247423e-01   9.0619494e-03  -4.2246888e-03   5.4852251e-03
  -3.7938546e-01  -1.2146837e-01   3.5847629e-01   9.4678923e-03  -3.7513450e-03   5.8493888e-03
  -3.6019043e-01  -1.3862867e-01   3.6868418e-01   9.3311172e-03  -3.2563731e-03   5.7968984e-03
  -3.8925515e-01  -1.3698594e-01   3.3990885e-01   8.0804604e-03  -3.9796873e-03   5.0377482e-03
  -4.1242824e-01  -1.3895136e-01   4.2931885e-01   6.7250792e-03  -4.9336502e-03   4.8595303e-03
  -4.6315306e-01  -1.8195956e-01   4.2097581e-01   4.9759828e-03  -4.5070924e-03   3.6786273e-03
  -4.2522321e-01  -1.9440228e-01   3.9515783e-01   4.1127446e-03  -3.7107154e-03   3.7201676e-03
  -3.8366780e-01  -1.7088665e-01   4.4948224e-01   3.5055868e-03  -2.7012111e-03   3.5673511e-03
  -4.0074042e-01  -2.0188296e-01   4.7668941e-01   3.0250319e-03  -2.3350899e-03   3.4483392e-03
  -4.3018882e-01  -2.1912491e-01   4.5540179e-01   2.2139026e-03  -2.3035566e-03   3.2149163e-03
  -4.5659456e-01  -2.2768176e-01   4.1354224e-01   2.1492652e-03  -2.7415484e-03   2.7758617e-03
  -4.8664531e-01  -2.0011701e-01   4.1697504e-01   1.7698186e-03  -2.5485690e-03   2.0568917e-03
  -5.2219040e-01  -1.2584737e-01   3.7048393e-01   3.6036110e-03  -4.1089265e-03   1.1562837e-03
  -5.4923983e-01  -2.1795250e-01   4.5439364e-01   1.9087204e-03  -3.4961629e-03  -8.6899918e-05
  -5.8375562e-01  -2.3905471e-01   4.2458795e-01   2.7153432e-04  -3.6699205e-03  -4.6313068e-04
  -6.2562994e-01  -2.5038237e-01   4.1259336e-01   1.9875927e-05  -4.2218922e-03  -1.0838735e-03
  -6.3414724e-01  -2.4898145e-01   3.9035792e-01  -1.2367450e-04  -4.0536451e-03  -1.8090820e-03
  -6.4716837e-01  -2.7306141e-01   3.9458048e-01  -4.0631184e-05  -4.4795347e-03  -2.2752258e-03
  -6.6716928e-01  -2.9260867e-01   4.3220898e-01  -4.7107124e-04  -4.7535707e-03  -2.7542605e-03
  -6.6177620e-01  -2.8452158e-01   4.4582274e-01  -6.1530625e-04  -4.8217087e-03  -2.3937455e-03
  -6.5722436e-01  -2.4028201e-01   3.8516198e-01   3.3498488e-04  -5.0816333e-03  -2.5002569e-03
  -6.8980163e-01  -2.5335084e-01   3.6440817e-01   1.7071055e-03  -5.2716385e-03  -3.1193446e-03
  -6.7967775e-01  -3.0650548e-01   3.1189646e-01   8.4196603e-04  -6.1970756e-03  -5.0873012e-03
  -7.1431067e-01  -3.2471229e-01   3.3088250e-01   4.1758012e-04  -6.7367739e-03  -5.2829849e-03
  -7.2710391e-01  -3.3939378e-01   3.5884466e-01   4.9776943e-05  -7.2012500e-03  -5.3433938e-03
  -7.1075964e-01  -3.4859346e-01   3.4580699e-01  -1.6236844e-04  -6.6768475e-03  -5.3575910e-03
  -7.4171882e-01  -3.6100114e-01   2.8395864e-01  -1.0676340e-03  -7.4698014e-03  -5.8588738e-03
  -7.4422094e-01  -3.5871532e-01   2.2611680e-01  -1.2338597e-03  -7.5715914e-03  -6.2419191e-03
  -7.5400342e-01  -3.7817058e-01   2.4950871e-01  -1.3509847e-03  -7.9582836e-03  -6.7019761e-03
  -7.4896019e-01  -3.8126701e-01   2.7959359e-01  -1.8799305e-03  -7.9237932e-03  -7.3003232e-03
  -7.7009734e-01  -3.9756229e-01   3.0073381e-01  -1.9621647e-03  -7.5341182e-03  -7.8977098e-03
  -7.9777828e-01  -3.9042503e-01   3.1087935e-01  -2.2656930e-03  -7.6048326e-03  -8.3282421e-03
  -8.1870609e-01  -4.2173977e-01   3.1039473e-01  -2.7645758e-03  -7.5019422e-03  -8.4823845e-03
  -8.2460920e-01  -3.7085274e-01   2.1364225e-01  -2.8886468e-03  -7.4621337e-03  -8.3287766e-03
  -8.2047186e-01  -3.8483251e-01   2.8862514e-01  -2.5035624e-03  -7.4849687e-03  -8.7512232e-03
  -8.3149366e-01  -4.0194677e-01   2.8014956e-01  -3.2309018e-03  -7.6623546e-03  -9.2395354e-03
  -8.3656357e-01  -4.1911970e-01   2.8249912e-01  -5.0637976e-03  -7.6388784e-03  -9.3721255e-03
  -8.9764476e-01  -4.1529662e-01   2.4989711e-01  -5.5710077e-03  -8.4913748e-03  -1.0767932e-02
  -8.9523098e-01  -4.2048501e-01   1.9878119e-01  -6.1420325e-03  -8.5249718e-03  -1.1041908e-02
  -8.8674330e-01  -4.5623855e-01   2.1476865e-01  -5.6669123e-03  -8.3748120e-03  -1.1265192e-02
  -8.9585225e-01  -4.7261583e-01   2.3340603e-01  -5.4722099e-03  -8.1687025e-03  -1.1372474e-02
  -8.8111139e-01  -4.8400707e-01   2.0135074e-01  -5.8255087e-03  -7.9904705e-03  -1.0985666e-02
  -8.8873622e-01  -4.6719164e-01   2.1290670e-01  -4.8949665e-03  -8.5001882e-03  -1.1159721e-02
  -9.1631515e-01  -4.8004713e-01   2.1081416e-01  -5.6950892e-03  -8.1903231e-03  -1.1174986e-02
  -9.3094983e-01  -5.0523294e-01   2.2054262e-01  -5.2109939e-03  -8.4590871e-03  -1.1342961e-02
  -9.4232729e-01  -5.0146808e-01   2.2439215e-01  -5.5389604e-03  -8.3487205e-03  -1.1082045e-02
  -9.2818729e-01  -5.1523846e-01   2.3460589e-01  -5.9590782e-03  -8.3057525e-03  -1.0987090e-02
  -9.5101654e-01  -5.3745548e-01   2.4643707e-01  -6.1096548e-03  -8.3750470e-03  -1.1189763e-02
  -9.6278002e-01  -5.4593509e-01   1.7385952e-01  -6.7316131e-03  -8.0416838e-03  -1.1561715e-02
  -9.2263967e-01  -5.1902770e-01   1.3349460e-01  -7.2472039e-03  -7.0296618e-03  -1.1073471e-02
  -9.3494083e-01  -5.0941400e-01   1.5664936e-01  -7.0522177e-03  -6.2439749e-03  -1.1275973e-02
  -9.5240515e-01  -5.6812458e-01   1.6338950e-01  -8.5687953e-03  -6.1201197e-03  -1.1228567e-02
  -9.6587296e-01  -5.7659086e-01   1.3992225e-01  -8.4156769e-03  -6.4284742e-03  -1.0950067e-02
  -9.8993449e-01  -5.7714300e-01   1.4413649e-01  -8.7424963e-03  -6.0739554e-03  -1.0581740e-02
  -9.5180444e-01  -5.8825596e-01   1.7042964e-01  -7.7844740e-03  -6.3541543e-03  -9.9003499e-03
  -9.0546036e-01  -5.8596080e-01   1.1884482e-01  -6.7167217e-03  -6.2795595e-03  -9.2772872e-03
  -9.2985659e-01  -5.6702445e-01   9.6541813e-02  -7.4227507e-03  -5.7188032e-03  -9.6456547e-03
  -9.4520392e-01  -5.9164843e-01   8.5567523e-02  -7.9940008e-03  -5.6415337e-03  -9.7710407e-03
  -9.5818507e-01  -6.1193300e-01   3.4740567e-02  -8.5290312e-03  -5.9068385e-03  -1.0142339e-02
  -9.7941739e-01  -6.2832806e-01   2.5110337e-02  -9.2522437e-03  -5.8697111e-03  -1.0416090e-02
  -9.2223931e-01  -6.2640348e-01   3.0595169e-02  -9.4983608e-03  -5.2693151e-03  -9.9622766e-03
  -9.2613646e-01  -6.5198004e-01   6.5496356e-03  -9.9142540e-03  -5.3210583e-03  -9.8920403e-03
  -9.0288598e-01  -6.2613212e-01  -3.4267148e-02  -9.6019787e-03  -5.0015424e-03  -9.4374706e-03
  -8.7352083e-01  -6.2531852e-01  -7.0126296e-02  -8.6294110e-03  -4.4810854e-03  -8.7870180e-03
  -8.7855681e-01  -6.3862448e-01  -1.0528420e-01  -9.7223959e-03  -3.9935264e-03  -8.4898671e-03
  -8.9966339e-01  -6.4585908e-01  -1.0364975e-01  -9.9717413e-03  -4.0494152e-03  -9.0447714e-03
  -9.0779252e-01  -6.7914799e-01  -1.1272158e-01  -1.0142942e-02  -3.7807271e-03  -9.1317050e-03
  -8.9178211e-01  -7.0485140e-01  -8.6235044e-02  -9.8959398e-03  -3.5867461e-03  -9.0150031e-03
  -8.7504709e-01  -6.8635399e-01  -1.2409263e-01  -9.6396568e-03  -2.9339562e-03  -8.7941351e-03
  -8.8047069e-01  -6.7236539e-01  -1.2216848e-01  -1.0333011e-02  -3.0556702e-03  -8.9186705e-03
  -8.8309582e-01  -6.8348587e-01  -1.4897520e-01  -1.0573230e-02  -3.1255010e-03  -9.0052356e-03
  -8.7643530e-01  -7.2002526e-01  -1.6582349e-01  -1.0983075e-02  -2.7543835e-03  -8.8612460e-03
  -8.5469095e-01  -7.3316126e-01  -1.8538683e-01  -1.1089550e-02  -2.7351570e-03  -9.0245555e-03
  -8.6156931e-01  -7.3113682e-01  -1.7041036e-01  -1.1423435e-02  -2.6735035e-03  -9.0785851e-03
  -8.8726775e-01  -7.4053553e-01  -2.2148107e-01  -1.2047571e-02  -3.3388184e-03  -9.6668148e-03
  -9.2914656e-01  -7.2854070e-01  -2.8142387e-01  -1.2908295e-02  -2.9621003e-03  -1.0074859e-02
  -9.1805470e-01  -7.6888667e-01  -2.3165191e-01  -1.2720845e-02  -3.2166494e-03  -9.8691841e-03
  -9.0241216e-01  -7.3437700e-01  -2.9365773e-01  -1.1551813e-02  -2.9579599e-03  -9.3604188e-03
  -8.9721616e-01  -7.5187239e-01  -2.9941163e-01  -1.2682554e-02  -2.2904466e-03  -9.5327056e-03
  -8.5076253e-01  -7.6543078e-01  -3.2495741e-01  -1.2853443e-02  -2.2973394e-03  -9.0559248e-03
  -8.4757674e-01  -7.5960116e-01  -3.5503855e-01  -1.2078096e-02  -2.7104454e-03  -9.2732447e-03
  -8.9182785e-01  -7.6826808e-01  -3.9228872e-01  -1.2686251e-02  -2.5897786e-03  -9.2131526e-03
  -8.6281260e-01  -7.7219933e-01  -3.6767383e-01  -1.2408236e-02  -3.5999759e-03  -8.8687926e-03
  -8.9708265e-01  -7.7378826e-01  -4.1509337e-01  -1.3191476e-02  -3.3204637e-03  -9.6897514e-03
  -8.8880720e-01  -7.9760628e-01  -3.7210641e-01  -1.3001553e-02  -4.0129894e-03  -9.7569335e-03
  -9.0994290e-01  -8.3465364e-01  -3.7008376e-01  -1.3317139e-02  -4.1558623e-03  -1.0146501e-02
  -9.3811707e-01  -8.2120713e-01  -3.9686263e-01  -1.4752286e-02  -3.1540718e-03  -9.8390774e-03
  -9.2221828e-01  -8.4115139e-01  -3.7790986e-01  -1.4298061e-02  -2.8833835e-03  -9.5781585e-03
  -9.0593299e-01  -8.6462413e-01  -3.7705105e-01  -1.4756169e-02  -3.0706741e-03  -9.4514889e-03
  -8.8976370e-01  -8.3063844e-01  -4.0503768e-01  -1.4101000e-02  -2.8150374e-03  -9.4150817e-03
  -8.8901466e-01  -8.4724332e-01  -3.7335316e-01  -1.4746170e-02  -2.7973900e-03  -9.7197105e-03
  -8.9711762e-01  -8.7513689e-01  -3.7675740e-01  -1.5086759e-02  -3.2007945e-03  -9.8393329e-03
  -8.8340169e-01  -8.7953371e-01  -4.3383111e-01  -1.5218904e-02  -3.2287597e-03  -9.2005255e-03
  -9.0823358e-01  -8.7680154e-01  -4.6482648e-01  -1.4961662e-02  -3.8389356e-03  -9.1930239e-03
  -9.3126057e-01  -8.5840800e-01  -4.5343947e-01  -1.4494796e-02  -4.0547737e-03  -9.6595999e-03
  -9.4842708e-01  -8.9273327e-01  -4.3495461e-01  -1.5115911e-02  -4.0471123e-03  -9.8172373e-03
  -9.4987204e-01  -8.9579520e-01  -4.4144526e-01  -1.4730802e-02  -4.1595451e-03  -1.0176544e-02
  -9.6514563e-01  -9.0208453e-01  -4.5410358e-01  -1.5362805e-02  -3.5749775e-03  -1.0506321e-02
  -9.4551157e-01  -9.2849373e-01  -4.7469329e-01  -1.4691811e-02  -3.9953640e-03  -1.0374504e-02
  -9.4996643e-01  -9.3321229e-01  -4.8526524e-01  -1.5437647e-02  -3.8821961e-03  -1.0043601e-02
  -9.4593056e-01  -9.4014143e-01  -4.6075325e-01  -1.6104321e-02  -3.8310804e-03  -1.0163907e-02
