   0.0000000e+00   0.0000000e+00  -1.4210855e-14   5.8774718e-39  -4.7019774e-38   2.7635739e-76
   9.8037972e-05  -7.2627360e-04  -7.8678138e-05   2.0408710e-05   1.1505177e-06  -2.5951339e-06
   2.0979607e-03   9.6303047e-03   4.4147847e-03   8.7958770e-05  -2.4146873e-04  -1.0564211e-04
   1.4686039e-04   4.0941263e-03   8.3755038e-05  -1.4708813e-04  -2.6645464e-04  -8.8742612e-05
  -4.1068360e-03   1.8142751e-03   8.2457910e-03   1.2624982e-04  -4.3530305e-04  -3.2561651e-04
  -7.1327302e-03   1.1502103e-02   4.1275169e-03  -2.5399803e-04  -2.8223698e-04  -1.7040080e-04
  -3.0878563e-03  -1.3115394e-03   9.6555206e-03  -1.4939042e-04  -3.7958402e-04  -1.7401688e-04
   1.3240106e-03  -8.0519940e-03   2.2079678e-03  -3.2735017e-04  -3.5663132e-04  -1.3417032e-04
  -3.3138468e-03   3.8594208e-03   2.6505537e-03  -6.5058242e-05  -3.4327630e-04  -1.2685631e-04
  -1.9890058e-03   1.9153135e-02   5.7810667e-03  -1.6021578e-04  -3.9642189e-04  -1.6877858e-04
   4.7244081e-04   1.3944952e-02   1.3962084e-02  -1.5898074e-04  -3.1768648e-04  -1.6501601e-04
  -8.1734486e-04   1.2598798e-02  -7.2114831e-04  -6.9159036e-05  -3.2364958e-04  -1.1822881e-04
  -2.1845109e-03   8.0714089e-03   2.5735235e-03  -1.2522113e-04  -2.1729504e-04  -1.1497173e-04
  -2.7397468e-03   1.3868833e-02   4.4117565e-03   7.6705228e-05  -2.7258952e-04  -1.7120735e-04
   1.3162140e-04   1.4826665e-03   1.8907601e-02   5.4326993e-05  -1.9488431e-04  -1.6831623e-04
   2.9991744e-03   9.1325338e-03   1.4370941e-02  -8.9541234e-06  -3.4066817e-04  -1.3746351e-04
   3.7709375e-03   1.6088516e-02   1.3023384e-02  -4.1135535e-04  -1.9311492e-04   2.2001259e-05
  -4.0973314e-04  -5.2176848e-03   8.2563032e-03  -1.3399102e-04  -4.3812641e-04  -3.2697364e-05
  -7.3855528e-04  -1.3643008e-02   1.1523413e-02  -6.3178741e-04  -4.0653758e-04  -9.7875681e-05
  -5.4503465e-03  -2.8953144e-03   1.1689354e-02  -1.6573265e-04  -3.3455858e-04  -2.4328357e-04
  -3.1614671e-03   8.0512860e-03   6.2130554e-04  -4.0816449e-05  -2.6309862e-04  -2.4728010e-04
  -4.5229188e-03  -2.9711230e-03   6.1597162e-03   1.3698055e-04  -3.7466197e-04  -1.9847148e-04
  -3.5084745e-03   7.7944898e-03   1.9763466e-02   1.0269643e-04  -2.2653033e-04  -1.5683015e-04
  -1.9275945e-03   1.0489146e-02   5.0743032e-03  -2.1979900e-04  -1.4454703e-04  -2.0434807e-04
   1.3584644e-03  -1.4148285e-02   4.2468252e-03  -9.3323304e-05  -3.8072097e-04  -2.4986207e-04
   3.2019966e-03  -8.3678212e-03   8.6128103e-03  -4.1946785e-04  -3.4896872e-04  -1.7654621e-04
  -1.0319830e-03   7.0671940e-03   8.2433403e-03  -3.5859951e-04  -3.2884404e-04   7.5027629e-05
  -7.6857674e-03   2.3634803e-02   6.1558503e-03   1.2852672e-04  -2.2822107e-04  -9.3435972e-05
  -3.8653855e-03   1.5660752e-02  -6.6263218e-03  -2.2668565e-04  -1.9616179e-04   2.7970288e-05
   1.3698718e-03  -6.5546529e-03   4.9937356e-03  -1.6276561e-04  -2.1480044e-04  -8.0241182e-06
   3.9226587e-03  -3.3432401e-03   4.0510618e-03  -1.7369741e-04  -2.1340515e-04  -1.4921264e-04
   2.1541001e-03   1.2489885e-02   5.5290962e-03   1.6085055e-04  -4.3057835e-04  -2.9314213e-04
  -6.2072622e-04   9.1021927e-03   5.3177029e-03  -3.4667719e-05  -5.2687764e-04  -2.9743579e-04
  -5.5473896e-03   1.9580455e-02   2.2649569e-03   6.4230452e-05  -5.0519642e-04  -2.8103975e-04
  -2.9413491e-03   8.3553149e-03   2.4501156e-02   4.3225634e-05  -2.2586885e-04  -2.2441290e-04
   1.9328595e-03  -1.0441331e-02   1.1193643e-02  -3.3311055e-04  -1.6850731e-04  -1.8400026e-04
  -5.7460727e-03   1.2676557e-03   4.8017708e-03  -4.0914096e-04  -2.2382029e-04  -5.7559675e-05
  -5.3755384e-03   6.0227451e-03   1.3872845e-02   1.7521095e-06  -2.6144843e-04  -2.1493867e-04
  -3.7661802e-03  -1.6709119e-02   1.5517038e-02  -1.3907388e-04  -1.7167321e-04  -1.1356191e-04
  -9.4554917e-04   1.9409783e-03  -2.7972960e-03   2.5473096e-04  -2.1408618e-04   9.5996955e-05
  -3.1647308e-03   1.8032183e-02   4.5783879e-03   1.0248625e-04  -4.0933375e-04  -2.8893485e-04
   2.2022860e-04   1.2716322e-02   1.2249104e-02  -8.5515776e-04  -1.7289455e-04  -2.9145875e-04
  -2.7419421e-03   1.0573386e-02   7.1550454e-03  -3.0832183e-04  -5.0555141e-04  -1.3205030e-04
  -5.0445961e-03   3.2914473e-03   8.5642260e-03  -1.6227311e-04  -5.7840113e-04  -2.0154480e-04
   3.0930394e-03  -4.3745419e-03   6.5909047e-03  -1.9778222e-04  -3.7915695e-04  -1.3942054e-04
   5.3780117e-04   2.1223195e-03  -1.0207316e-03  -2.2415877e-04  -2.8494710e-04  -1.5467777e-04
  -1.3803845e-03  -2.8569676e-03   1.6338863e-02  -1.0066176e-04  -2.2052416e-04  -1.3363328e-04
   1.2940182e-03   2.9058373e-04   1.4897802e-02  -2.6301499e-05  -2.0158615e-04  -1.3114318e-04
  -1.6203845e-03   1.0030089e-03   5.0295971e-03  -4.3406662e-05  -1.4095275e-04  -1.5964221e-04
  -1.1235572e-03   8.4387914e-03  -4.6391163e-03  -3.8165946e-06  -2.3701535e-04  -1.9008366e-04
  -4.2780267e-03  -5.2342644e-03   1.6441003e-02  -9.0111110e-06  -3.1805390e-04  -2.7413802e-04
  -3.8704834e-03  -1.6172843e-03   6.9512586e-03  -2.5844186e-04  -2.1631764e-04  -1.9222474e-04
  -1.6911862e-03   1.0583382e-02   1.7003441e-03  -4.0117114e-05  -3.9638668e-04  -2.4107640e-04
  -3.2615756e-03   1.6718358e-02   9.9386218e-03  -1.5056093e-04  -2.2644985e-04  -1.3302913e-04
   4.2949020e-03   1.3056250e-03   9.7118262e-03  -1.4097783e-04  -2.4245440e-04  -2.3424393e-05
   1.2822852e-03   8.1296731e-03   3.1839113e-03  -2.2222392e-04  -3.4528869e-04  -1.2118968e-04
  -2.3362015e-03   6.2652805e-03   1.6283255e-02  -3.9412425e-05  -2.2510153e-04   3.1378151e-05
   1.9657464e-04   1.4464154e-02   1.0968224e-02  -2.9018115e-04  -3.3628432e-04  -7.4554148e-05
  -1.6579249e-03   1.2141149e-02   1.0637410e-02  -5.9392104e-05  -3.0020098e-04  -1.3462371e-04
  -2.0544785e-03   4.5638004e-03   1.1783632e-02  -9.2205330e-05  -2.6019907e-04  -1.1855172e-04
  -4.2266000e-03   9.1990419e-03   8.1295411e-03   1.3254167e-04  -2.8533494e-04  -1.6617836e-04
  -3.2293040e-03   6.2080320e-03   8.2831254e-03  -6.6912762e-05  -3.1636755e-04  -1.8890982e-04
   9.8616422e-04   5.2146806e-04   1.6134952e-02  -2.3080459e-04  -3.0177187e-04  -1.4004174e-04
  -7.8040446e-04   5.1386406e-04   7.1080444e-03  -2.6022614e-04  -2.3612517e-04  -1.6175644e-04
  -5.9378700e-04   4.9314679e-03   4.4550106e-04  -1.8980689e-04  -1.6104655e-04  -3.7372984e-05
   4.6229919e-03  -2.7396416e-04   3.8988086e-03  -1.0330250e-04  -3.1517665e-04  -1.2814320e-04
   1.4822031e-03  -3.3711022e-03   3.8302964e-03  -1.1681485e-04  -2.1051821e-04  -5.0492571e-05
  -2.9120958e-03   1.0445643e-02  -1.5059423e-03  -2.8147662e-05  -3.1323537e-04  -1.7157196e-04
  -4.7101590e-03   1.3953327e-02  -5.4673851e-03  -5.9107331e-05  -3.2270964e-04  -2.1983923e-04
  -5.3072293e-03   1.2092650e-02   1.2849312e-03   1.5624450e-04  -4.0890304e-04  -2.1743255e-04
  -4.1818564e-03  -4.8697815e-04   1.8231489e-02  -1.5067358e-04  -4.9618000e-04  -3.2018755e-04
   4.6271921e-04  -6.3444580e-03   1.3668393e-02  -2.0546516e-04  -3.3783388e-04  -1.2039679e-04
  -2.2108207e-03   6.2675803e-03   5.0373018e-03  -1.6827742e-04  -3.1479615e-04  -1.0184693e-04
  -1.5772723e-03   6.3589266e-03   1.1882484e-02  -1.4083174e-04  -2.4894909e-04  -5.2939060e-05
   1.3997331e-03   5.3783788e-03   1.2977722e-02  -3.3471341e-05  -2.3402657e-04  -1.3103254e-04
  -9.1237018e-04  -5.8019353e-03   1.6111307e-02  -1.5958310e-04  -1.6230333e-04  -1.0324171e-04
   2.4168933e-04   2.0615388e-03  -1.4846926e-03  -1.0364577e-04  -3.8950505e-04  -1.1673258e-04
   3.1305439e-03   3.6601679e-03   1.5793798e-03  -3.2128888e-04  -1.5032797e-04  -1.0859848e-05
   4.0317588e-03   1.0225154e-02   3.2921965e-03  -3.3243312e-05  -2.5893171e-04  -3.3943320e-05
   6.9981331e-04   5.3424484e-03   1.0648374e-02  -3.3679672e-04  -2.3377031e-04  -1.3893482e-04
  -4.6867453e-03   2.4708412e-03   1.1438639e-02  -2.0141392e-04  -2.1754872e-04  -9.3705529e-05
  -5.9770699e-03   1.7259051e-03   8.0650659e-03  -2.3193234e-04  -2.6715358e-04  -2.3904905e-04
  -2.5543707e-03   5.7601068e-03   5.3952796e-03   2.8981230e-04  -4.7441351e-04  -2.5014753e-04
  -1.3345274e-03   7.2498271e-04   6.4194969e-03  -2.1001998e-04  -2.3509996e-04  -1.8345866e-04
   1.0730225e-03   7.3272971e-03   7.6940430e-03  -2.1228436e-04  -2.3725637e-04  -1.5071541e-04
   7.6054547e-04  -3.8922133e-03   1.4071794e-02   1.6291526e-04  -1.7036777e-04  -1.2454162e-04
  -4.3244775e-03   1.3420659e-02   1.1195906e-03  -2.8191097e-05  -3.8990535e-04  -1.5655894e-04
   2.6425216e-05   8.7996715e-03  -4.9313915e-03  -3.3542102e-05  -4.4033577e-04  -2.0331164e-04
  -2.0001517e-03   1.8710434e-02  -6.5402890e-03   5.7404067e-05  -3.5622913e-04  -2.0976046e-04
  -6.5542160e-03   6.4478309e-03   1.3849777e-02  -1.5479209e-04  -2.6722194e-04  -1.2415486e-04
   2.7173096e-03  -6.5897340e-03   1.1015665e-02  -1.7508925e-04  -2.0795458e-04  -5.0993626e-05
  -2.9677479e-03   7.3460978e-03   5.4681268e-03  -1.7493239e-04  -3.7933817e-04  -1.8275819e-04
  -1.9748111e-03  -4.8828271e-03   9.4166288e-03  -1.2106568e-04  -4.7814758e-04  -1.4328170e-04
  -3.4495084e-03  -1.8892913e-03   1.4539120e-02  -4.0667761e-04  -2.6821730e-04  -1.9966997e-04
  -2.4101837e-04  -5.6894509e-04   1.2450787e-02  -3.3276502e-04  -3.6528450e-04  -1.9538599e-04
  -4.6880955e-04   6.0088976e-03   2.7590095e-03  -1.7580709e-04  -1.2638939e-04  -8.1351037e-05
   2.4675204e-04   3.3458912e-03   3.4556477e-03  -1.3557286e-04  -2.0976079e-04  -2.3714840e-04
  -4.1351349e-03   8.6294530e-03   5.5330471e-04  -2.7113568e-04  -1.4304456e-04  -1.0445129e-04
  -5.1397629e-03   1.2335116e-02   6.4547737e-03   1.6081659e-05  -3.4240191e-04  -1.6707542e-04
  -5.3726192e-03   1.1926125e-02   1.7237519e-02  -6.7413753e-05  -3.2510437e-04  -1.9213369e-04
   1.7800277e-03  -2.3437724e-03   1.0288513e-02   7.9996724e-05  -3.4810947e-04  -9.9544248e-05
   4.5716018e-03   1.3143665e-04   6.5115012e-03  -8.5219340e-05  -3.3466644e-04  -4.7029012e-05
   4.8293759e-03  -3.6606187e-03   8.2554001e-03   9.2716319e-05  -3.9174864e-04  -9.7803330e-05
  -5.9875297e-04  -1.6399043e-03   4.3655087e-03  -3.6072344e-04  -1.1174215e-04  -4.1873262e-05
  -2.2254476e-03   8.8587306e-03   7.2124782e-03  -2.0795045e-04  -3.4547263e-04  -2.3688523e-04
  -3.3572711e-03   1.3352520e-02   1.0157388e-02  -1.3896977e-04  -2.3595197e-04  -1.7586265e-04
  -6.0193838e-04  -4.3148946e-03   1.3887527e-02  -2.9261177e-04  -2.6808118e-04  -1.6934025e-04
  -2.8206107e-03   8.7933545e-03   6.8118277e-03  -1.7755862e-05  -2.6935568e-04  -2.0126421e-04
  -3.6081124e-03   6.7481645e-03   1.8665087e-03  -2.4846378e-04  -2.2312867e-04  -1.5742604e-04
   1.6903349e-03   8.2981938e-04   5.1966152e-04  -1.7091756e-05  -2.5044198e-04  -6.1465631e-05
  -3.9911269e-04  -8.0602796e-04   8.7726701e-04  -3.9285310e-04  -3.0805469e-04  -1.8410482e-04
  -8.4246706e-03   1.1070612e-02   2.3038982e-03   1.5875146e-04  -2.1530829e-04  -1.7038895e-04
  -5.7372013e-03  -1.1928032e-03   1.0696940e-02  -1.0272365e-05  -3.6679308e-04  -1.9001662e-04
   2.8225484e-03  -2.1189730e-03   1.2450159e-02  -1.2203269e-04  -3.7394824e-04  -1.1169234e-04
   5.8438507e-03   1.1876293e-02   1.0517127e-02  -7.3594500e-05  -3.5713272e-04   1.2939563e-05
  -2.1732641e-03   5.7183543e-03   8.8700590e-03  -2.3254848e-04  -3.2179984e-04  -1.3044500e-04
  -1.3390462e-03   7.0415962e-03   2.6366617e-03  -3.4395201e-05  -3.8028721e-04  -2.8254081e-04
  -7.5110748e-03   8.3073007e-03   5.0513292e-03  -1.4146282e-04  -2.0425902e-04  -1.2228934e-04
  -1.9474770e-03   3.1971742e-03   1.5713937e-02  -9.2167078e-05  -3.2261740e-04  -9.9885889e-05
  -2.4804436e-03   4.6502422e-03   1.3196313e-02  -5.2869995e-05  -3.4826548e-04  -1.7075540e-04
  -1.1515032e-03   2.5545287e-04   6.3916591e-03  -2.9153119e-04  -1.3111214e-04  -6.5138083e-05
   3.3354251e-03   5.1526881e-03   6.3391959e-03  -3.1237120e-05  -1.3835931e-04  -8.5723214e-05
   7.4412920e-03   5.9138995e-03   9.4350577e-03  -7.4928227e-07  -2.6888238e-04  -1.4908833e-04
  -2.5651960e-03   5.0182987e-03   6.9625596e-04  -1.4389204e-04  -2.7756579e-04  -1.4992162e-04
  -5.6513588e-03   1.1649907e-02   1.9220844e-03  -8.7621489e-05  -3.9903614e-04  -2.1070077e-04
  -1.6481648e-03   1.3898533e-03   1.4786559e-03  -2.8197344e-04  -3.6823940e-04  -3.3069514e-04
  -8.2010631e-03   1.7296123e-02  -2.1165199e-03  -1.1680149e-04  -4.3344743e-04  -2.0184565e-04
  -6.0160703e-03   3.1268520e-03   1.4930584e-02   9.6461239e-05  -3.7893306e-04  -1.7484246e-04
   1.9824732e-03   4.6323355e-03   8.9213452e-03  -1.1662094e-04  -4.0248633e-04  -2.4174635e-05
  -5.8073552e-04   1.5247557e-02  -8.6333378e-04  -1.5962993e-04  -1.6773977e-04   1.6739932e-05
   1.4759301e-03  -5.6670542e-04   1.3005086e-02  -1.2790941e-04  -4.0591470e-04  -9.5741987e-05
  -2.6764731e-03  -5.3236281e-03   1.3137812e-02  -2.9987262e-04  -1.8580983e-04  -9.3151012e-05
   1.3153661e-03  -1.9964431e-03   6.1859783e-03  -1.1047641e-04  -4.7868099e-04  -2.0115575e-04
  -7.0445501e-05  -1.8710731e-03   1.4314542e-02  -3.1835157e-04  -1.4661725e-04  -3.9460566e-05
  -4.2594454e-03   7.8863831e-03   9.4786988e-03  -2.1658450e-04  -1.0840454e-04  -1.2279303e-04
  -2.2887314e-03   1.7175448e-04   5.3986760e-03   7.2112557e-05  -3.0702554e-04  -1.8273878e-04
  -4.0716804e-04  -3.2334163e-05   7.1964793e-03  -1.7400039e-04  -3.4726345e-04  -1.3509205e-04
   4.0607732e-04   1.9963290e-03   4.9286561e-03   3.6873276e-05  -2.1014761e-04  -1.7747676e-04
  -4.8787464e-03   1.1447071e-02   6.5008775e-03  -2.8866163e-05  -3.8209697e-04  -1.8872917e-04
  -6.6041687e-04   9.1987362e-03   2.9425036e-03  -7.6139262e-05  -3.0005934e-04  -2.1131901e-04
   1.1591207e-03   2.1252871e-03   8.3283453e-03  -2.2395717e-04  -2.8532698e-04  -1.5611109e-04
   3.3602109e-03   8.5313183e-03   3.3464861e-03   1.6547428e-05  -2.0868299e-04  -3.9957240e-05
   2.3917834e-03   1.0046444e-02   1.6431394e-03  -8.1215798e-05  -3.2342764e-04  -9.3059292e-05
  -3.3585679e-03   1.4259266e-02   7.7324557e-03  -2.4137463e-04  -3.7160748e-04  -1.3457981e-04
  -3.3885553e-03   4.6745258e-03   1.3298585e-02  -1.1619774e-04  -3.6717486e-04  -1.2571974e-04
  -3.6169792e-03   1.2283091e-02   1.4512860e-02  -2.8432487e-05  -2.0917173e-04  -1.4892469e-04
  -3.0426906e-03   5.6238160e-03   1.0076859e-02  -9.8200096e-07  -2.7016895e-04  -2.2113983e-04
  -2.3244010e-03  -5.0757093e-03   5.3524394e-03  -3.0670629e-04  -2.1402263e-04  -2.6952700e-04
   4.1863677e-04  -7.5558130e-03   4.9388109e-03  -3.7632804e-05  -3.6319881e-04  -1.2148543e-04
   1.0577549e-03   1.0568682e-03   3.9715891e-03  -1.7976309e-04  -2.4831622e-04  -1.4891585e-04
